1100000088
303001500
316001100
1100000056
1100000078
409012300
305001200
303003600
310001600
409015000
303002100
403042200
302003600
1100000025
302002300
404001400
409011700
406002400
409006500
313002400
303003000
1100000023
405003300
316000600
409010200
303002600
408001300
302003300
409006400
409009900
409014400
409009800
403042400
1100000109
303002800
405003200
409008400
402001600
1100000108
409012500
306001700
303003100
408001200
311001700
1100000077
301002400
313001800
409006300
312001400
312001100
311003000
409008500
311002400
301002300
315020500
403042000
1100000087
1100000022
303001400
1100000072
403041100
303002000
1100000086
315020900
1100000073
302001900
308002600
1100000071
409005000
407001400
1100000044
409001600
408002500
402002100
409016700
403043300
311001500
403041000
409011300
1100000024
304001700
409012400
308001900
309020600
1100000107
408002000
409008000
409013700
409009200
310003000
405002500
405003600
1100000045
409004600
405004100
409015100
409006700
409006900
403042500
303003200
401001200
1100000106
302002800
304020400
406002700
305001500
409015500
315021200
1100000055
304002200
305001800
409013600
308002900
302001700
301001700
409010900
315020700
402001300
1100000043
308003500
313002300
1100000026
409011900
409010000
302003500
409006600
409008100
406001000
408001900
408002100
310001700
302003700
304001900
405001700
407001800
405002000
302002100
405001500
404002500
303003500
405002200
406002900
308001300
403043100
403043800
405002100
401001800
1100000054
303003300
